objectID,metroStatArea,State,latitude,longitude,2001,2002,2003,2004,2005,2006,2007,2008,2009,2010,2011,2012,2013,2014,2015,2016,2017,2018
1,Akron,OH,41.084821,-81.515607,27841099,29055437,29817293,30430372,31081544,31151400,31595473,31540576,29505000,30124290,30348492,30394149,30782127,31632884,32080122,32113046,32374943,32912839
2,Ann Arbor,MI,42.281419,-83.748478,19122553,20141168,20304773,20049276,20471233,19952538,20208800,19240709,17869911,18495449,18752145,19228030,19285470,19446252,20096509,20688097,21313699,21963864
3,Appleton,WI,44.261982,-88.40724,9619180,9611496,9884448,10242240,10519544,10574619,10697845,10524829,10267554,10437458,10705334,10906039,10688450,10869120,11164626,11428497,11548960,11806167
4,Bloomington,IN,39.166587,-86.534893,4973674,5118462,5266581,5400780,5618761,5745038,5614251,5638497,5607424,5688027,5756597,5785546,5886446,6115110,6085872,6200353,6420432,6546302
5,Canton,OH,40.7989,-81.3784,14602991,14901231,14909597,15158871,15417745,15153927,14872165,14860937,13898706,14361383,15449664,15136412,16262715,17785916,18170205,18021271,18134746,18391465
6,Cedar Rapids,IA,41.978122,-91.669808,10553390,10455043,11234309,12254472,12857814,12792268,13929540,13900976,14433863,15390555,15830796,15797948,15473029,16226368,16794211,16934705,16790507,17255840
7,Champaign,IL,40.116328,-88.243522,8664471,8992412,9019418,9118605,9172232,9454056,9712819,10016652,9953481,10330251,10388887,10437119,10727065,10822986,10870433,10509639,10435942,10833954
8,Chicago,IL,41.883229,-87.632398,514981994,517294621,523312090,536662096,548632398,557386178,564120391,548672390,530830225,539704813,547499300,561588192,566499499,576000060,589049966,594060750,600421994,611591128
9,Cincinnati,OH,39.104427,-84.513808,101285472,104341674,106058078,107597310,109962093,109335781,110020267,110334271,105709972,109064346,112511569,112553108,113228898,115447868,117808842,120668471,122867631,124948052
10,Cleveland,OH,41.505546,-81.6915,105546960,107849789,110352564,112858462,115462349,113473596,113580402,113955966,106092046,107166841,109437899,109967066,110283260,114110316,115773490,115847427,117136194,119327107
11,Columbus,OH,39.962649,-82.996216,86442566,87622244,89607777,92396749,95258648,93592348,94430052,94161460,90978156,93662870,97306672,100403337,102973266,106185217,108502678,109753062,112512486,114675302
12,Davenport,IA,41.523527,-90.577036,16838187,16681995,17167445,18055407,18374223,18729453,19138739,19436939,18626849,19110819,19811996,20357070,19966778,20100564,20265104,20113727,20339874,20546922
13,Dayton,OH,39.760982,-84.192203,35369766,36417417,36968207,37963400,38147110,38097622,37027253,36237339,34166468,34885290,35974194,35871599,36256763,36711850,36976537,37279694,37959200,38696669
14,Des Moines,IA,41.588822,-93.620309,28507657,28946212,31432026,34341388,36771606,35601256,39114874,35154985,34275281,34990053,34922844,37455455,35716360,40301568,43066102,44212889,43692327,44481448
15,Detroit,MI,42.332916,-83.047853,220452238,225265918,230033047,228787828,232862909,224387462,222776109,208384341,184974984,197274436,205487945,212159700,215851242,219559892,224508971,230047866,233241705,238679503
16,Duluth,MN,46.782882,-92.105457,11156359,11532375,11663775,12099927,12179374,12385211,12347113,12653536,12013003,13275463,13746076,13189296,13867298,13913989,12585002,13308590,13587347,14265083
17,Elkhart,IN,41.687381,-85.973536,7863219,8457392,9298688,9823557,10490183,11128452,11200098,9696318,7311006,9070640,8971031,9218193,9573267,10168793,10329039,10767472,11979393,12038611
18,Evansville,IN,37.975708,-87.569907,14549707,15400140,15847856,16424982,15958905,15573942,15487765,15999873,15386870,15914640,16450872,16350098,16124532,15805121,15664137,15614015,15856790,15955374
19,Fargo,ND,46.87696,-96.784636,7810580,8313433,8732610,9051027,9330347,9639428,9963769,10248748,10012416,10415805,10974092,11902375,12100336,12631802,12735939,12667457,12667707,13036357
20,Flint,MI,43.00992,-83.685109,13927608,14660373,15176084,15170838,15399716,15336283,15174470,13412454,12169356,12549079,12608343,12379126,12577166,12754993,13194798,13122491,13162959,13455676
21,Fort Wayne,IN,41.077474,-85.137495,15388956,15646958,16193959,16642202,17099279,17703122,18177658,17348308,16130649,16559301,16886132,17822333,17792801,19163956,19979691,20106849,20292855,20926252
22,Grand Rapids,MI,42.965446,-85.670209,42868569,44224515,45331803,46271220,47304757,47057640,46885890,45674659,42871347,44769622,45773167,46911862,47444715,49179798,51259319,52026097,53368797,55253905
23,Green Bay,WI,44.513288,-88.013256,13963139,14225656,14710215,15172590,15502459,15774236,15893635,15822068,15288836,16020371,16242104,16587219,16354483,17267329,17748246,18226952,18271480,18584854
24,Indianapolis,IN,39.76845,-86.156212,95539703,96640464,99602341,104989839,105836916,107539834,111595020,114223241,110425107,113733987,113353413,111780746,114939318,119081155,117079734,119824872,122143721,124667768
25,Kalamazoo,MI,42.289777,-85.584682,10778300,11458326,11422910,11407043,11327984,11210058,11381088,10970579,10671844,10798629,10730816,10759305,10995659,11102042,11482438,11868155,12087272,12530386
26,Kansas City,MO,39.099792,-94.578559,92103394,94209025,95591146,97181149,100016419,101726045,104543373,107376011,104090591,104035356,104196076,107631274,109368962,112256998,115123305,115841254,117992341,120352988
27,Lafayette,IN,40.4167,-86.8753,7084262,7252561,7450999,7745181,7945431,8332144,8543637,8575876,7861246,8451301,8707299,8443959,8701571,8865097,8853870,9110813,9241476,9727016
28,Lansing,MI,42.733625,-84.553927,21199388,21763864,22008220,21930021,22405036,22504024,22548618,21027953,19782798,20916226,20643454,20315806,20126647,20536869,21159965,21672907,21810294,22247293
29,Lincoln,NE,40.813599,-96.70261,13143974,13267011,13812089,13954172,14455369,14763021,15031777,14527843,14191151,14660135,14929445,15228181,15474740,15725554,16161213,16359050,17029139,17243457
30,Madison,WI,43.073926,-89.385244,30023636,30985115,31921628,33277797,34652603,34717912,35479516,35041727,34748155,36007275,37312845,38605774,39560632,41890970,43552448,45022825,45492200,46529232
31,Milwaukee,WI,43.041072,-87.909421,78253636,78831229,81261260,82925703,85511327,86577325,87001246,85849422,82950611,84669359,86197311,86516309,86880190,87210555,88418297,89207672,90473698,92558816
32,Minneapolis,MN,44.977479,-93.264346,175751740,178491909,187862821,195611956,201529145,198332032,199800895,200019727,192310093,197700163,202178526,205223887,209637747,218244103,222125886,226438178,231078542,237140794
33,Omaha,NE,41.258652,-95.937195,38377052,39555748,41244954,43132699,44452042,45354403,46435373,46355953,46607939,48022260,49868339,50295650,50705976,52593479,54340287,54115141,55649803,56187854
34,Peoria,IL,40.694592,-89.590362,17304770,17174131,17464307,18103069,18989789,20533844,21547957,21832548,21213428,22787199,25395488,27865761,25118508,25244746,23781552,22570107,22012933,22889895
35,Racine,WI,42.726126,-87.789462,7921091,7937627,8135289,8446218,8400492,8723928,8471704,8203374,7890081,8280083,8131346,8049836,7906278,7992639,7958049,8059225,8206941,8450197
36,Rockford,IL,42.266802,-89.088377,12985196,13243329,13370508,13703530,14050983,14872062,15235809,14865845,13779554,13939544,14432520,14515295,14196492,14337200,14182983,14160840,14251552,14788731
37,Saginaw,MI,43.419547,-83.946359,7702318,7876524,8185245,7960129,7999163,7932479,7741576,7281857,6840694,7314474,7444076,7448099,7536066,7601528,7741964,7929192,7943763,8120484
38,Sioux Falls,SD,43.488765,-96.743185,9028409,10544827,10530310,12752638,13157358,14255955,14386571,14994704,15126028,14720192,15742576,17007019,16513945,17037852,17575420,17544959,17267303,17273286
39,South Bend,IN,41.675032,-86.251962,11646902,11962634,12441076,12757144,12772659,12953339,13041309,12709897,11526436,12272764,12389665,12504835,12574195,12940200,12982285,12974978,13096715,13576257
40,Springfield,IL,39.79936,-89.643624,9914968,10078892,9808583,9787486,9743809,10050065,10108289,10033240,10087624,10340728,10384825,10158028,10235053,10335442,10486423,10297499,10377290,10860798
41,Springfield,MO,37.209,-93.2923,14004580,14294419,14857422,15535342,16175991,16365823,16471161,16585282,16218957,16149091,15899597,15915167,15848833,16331030,17159278,17326947,17629924,18040656
42,St. Cloud,MN,45.5579,-94.1632,7226699,7502179,7621565,7939671,8026939,8248320,8270836,8450521,8238339,8315338,8605110,8387601,8527555,8900516,9013681,9246137,9473689,9522149
43,St. Louis,MO,38.630276,-90.200309,131949609,133193837,136758174,138778654,140823020,140681137,141907243,145794054,143192798,145227408,145570801,147318294,147468476,147739270,147639705,145890916,147633364,152060042
44,Toledo,OH,41.655298,-83.535717,31327082,31868737,32114692,32376375,33176925,33578125,33080096,31799591,30513566,31341991,32607851,31774294,32884633,35431105,33936757,33689424,34029973,34845826
45,Topeka,KS,39.050976,-95.670433,9211142,9287291,9267606,9374011,9303858,9113570,9503690,9716902,9523075,9511910,9824532,9947394,9788390,9777510,9739210,9881513,9849673,10065715
46,Wichita,KS,37.686024,-97.335571,25970694,25617597,25109768,25006322,25347660,27951697,30054183,29769056,26451160,27680811,28291530,28191554,26586255,28150426,29489153,31238678,31780917,32832296
47,Youngstown,OH,41.100083,-80.649387,20240948,20982414,21143807,21601265,21885665,22025859,21480101,21085871,19011466,19634198,20403140,19955209,19987459,20243686,20254944,19866574,19799479,20089962
